scene_name: 'house_interior'
near: 0.1
far: 1000
sphere_radius: 100
shininess: 3.5

# cameraPos: [0.226251, -4.42832, 322.986]
center_translation_vec: [-53.7476, -36.7846, -225.457]
x_range: [-70, 300]
y_range: [-40, 230]
z_range: [-300, 230]
yaw_range: [-180, 180]
pitch_range: [-180, 180]
#over all min [-71.3373, -1.8172, -70.536]
#over all max [367.6519, 243.2062, 344.3887]