scene_name: 'house_interior'
near: 0.1
far: 1000
sphere_radius: 100
shininess: 3.5

# cameraPos: [0.226251, -4.42832, 322.986]
center_translation_vec: [-53.7476, -36.7846, -225.457]
x_range: [-1080.656, 3000]
y_range: [0, 2000]
z_range: [-500, 3500]
yaw_range: [-180, 180]
pitch_range: [-180, 180]